"PAUPAC"
0.04
0.44
0.96
0.36
0.96
0.23
0.05
0.51
0.96
0.97
0.91
0.23
0.84
0.84
0.03
0.37
0.97
0.41
0.04
0.34
0.09
0.05
0.74
0.89
0.98
0.42
0.29
0.44
0.08
0.08
0.84
0.86
0.3
0.8
0.18
0.78
0.94
0.76
0.96
0.63
0.93
0.64
0.86
0.26
0.96
0.08
0.84
0.1
0.3
0.97
0.4
0.41
0.71
0.95
0.12
0.96
0.17
0.78
0.02
0.94
0.11
0.52
0.49
0.78
0.43
0.2
0.89
0.5
0.79
0.98
0.12
0.99
0.81
0.76
0.09
0.87
0.45
0.95
0.2
0.48
0.83
0.34
1.0
0.63
0.73
0.66
0.81
0.81
0.93
0.51
0.07
0.34
0.2
0.87
0.16
0.39
0.19
0.71
0.48
0.17
0.59
0.46
0.79
0.17
0.84
0.83
0.57
0.96
0.87
0.84
0.55
0.38
0.21
0.12
0.11
0.91
0.13
0.73
0.02
0.14
0.68
0.95
0.57
0.62
0.9
0.26
0.09
0.97
0.51
0.94
0.4
0.23
0.94
0.03
0.9
0.58
0.89
0.66
0.15
0.35
0.82
0.96
0.23
0.11
0.89
0.58
0.07
0.11
0.19
0.65
0.05
0.96
0.07
0.08
0.52
0.98
0.84
0.4
0.66
0.81
0.98
0.4
0.16
0.03
0.12
0.54
1.0
0.06
0.32
0.96
0.69
0.36
0.44
0.37
0.83
0.88
0.07
0.79
0.0
0.78
0.2
0.87
0.41
0.08
0.52
0.31
0.13
0.12
0.11
0.7
0.97
0.03
0.31
0.18
0.92
0.12
0.9
0.38
0.05
0.09
0.97
1.0
0.62
0.19
0.03
0.73
0.9
0.8
0.29
0.08
0.12
0.11
0.09
0.02
0.13
0.96
0.97
0.02
0.12
0.9
0.93
0.29
0.03
0.3
0.41
0.06
0.09
0.27
0.84
0.25
0.06
0.91
0.49
0.75
0.91
0.27
0.54
0.47
0.97
0.48
0.21
0.98
0.29
0.04
0.9
0.96
0.18
0.19
0.81
0.63
0.52
0.09
0.29
0.09
0.8
0.47
0.09
0.83
0.98
0.89
0.99
0.98
0.08
0.92
0.89
0.16
0.21
0.99
0.03
0.79
0.77
0.02
0.33
0.07
0.18
0.83
0.47
0.57
0.98
0.5
0.12
0.49
0.91
0.96
0.23
0.22
0.82
0.88
0.07
0.08
0.14
0.79
0.79
0.97
0.92
0.17
0.57
0.93
0.46
0.09
0.17
0.8
0.82
0.74
0.97
0.42
0.79
0.89
0.08
0.61
0.87
0.26
0.48
0.98
0.07
0.27
0.04
0.98
0.54
0.04
0.02
0.42
0.95
0.11
0.04
0.06
0.3
0.83
0.16
0.99
0.95
0.99
0.85
0.07
0.88
0.05
0.08
0.47
0.88
0.19
0.1
0.98
0.16
0.51
0.14
0.05
0.47
0.84
0.69
0.19
0.98
0.32
0.04
0.04
0.03
0.99
0.32
0.88
0.03
0.08
0.17
0.85
0.37
0.75
0.6
0.13
0.25
0.87
0.98
0.13
0.13
0.46
0.21
0.55
0.94
0.89
0.94
0.08
0.99
0.06
0.59
0.82
0.9
0.65
0.83
0.15
0.75
0.22
0.2
0.83
0.11
0.93
0.7
0.95
0.68
0.95
0.48
0.11
0.25
0.7
0.55
0.22
0.82
0.97
0.16
0.24
1.0
0.79
0.3
0.13
0.99
0.92
0.1
0.31
0.84
0.76
0.31
0.9
0.84
0.58
0.23
0.82
0.21
0.57
0.84
0.13
0.4
0.29
0.49
0.23
0.81
0.38
0.08
0.76
0.7
0.65
0.86
0.08
0.05
0.97
0.23
0.95
0.01
0.09
0.87
0.79
0.89
0.43
0.43
0.66
0.81
0.9
0.6
0.11
0.11
0.61
0.13
0.84
0.3
0.35
0.11
0.07
0.08
0.9
0.03
0.54
0.99
0.86
0.05
0.66
0.67
0.34
0.26
0.7
0.92
0.51
0.74
0.31
0.97
0.33
0.97
0.59
0.99
0.18
0.66
0.91
0.15
0.44
0.75
0.09
0.4
0.97
0.71
0.65
0.94
0.92
0.91
0.9
0.25
0.45
0.51
0.06
0.08
0.87
0.34
0.82
0.86
0.95
0.89
0.07
0.26
0.49
0.42
0.16
0.05
0.35
0.09
0.5
0.95
0.9
0.9
0.82
0.63
0.85
0.05
0.88
0.35
0.82
0.05
0.66
0.96
0.74
0.62
0.57
0.68
0.91
1.0
0.08
0.61
0.02
0.13
0.31
0.28
0.02
0.87
0.03
0.77
0.51
0.09
0.36
0.24
0.81
0.1
0.58
0.33
0.71
0.95
0.06
0.84
0.75
0.12
0.74
0.79
0.6
0.16
0.92
0.2
0.39
0.62
0.78
0.81
0.17
0.1
0.45
0.15
0.89
0.83
0.67
0.12
0.3
0.75
0.17
0.08
0.75
0.78
0.78
0.31
0.6
0.03
0.04
0.96
0.2
0.13
0.45
0.91
0.5
0.9
0.98
0.02
