"PAUPAC"
0.3933892985294761
0.9572570884054181
0.13026428364901618
0.9358315261357594
0.9466617648169289
0.04613169986478267
0.005742593265964162
0.023388233467571025
0.03003051740367986
0.04905501333054454
0.9244490143041468
0.9013361325994694
0.2939357083756469
0.9857819858580499
0.3299880800683241
0.8597103374112951
0.971013129627146
0.9915996848997269
0.8981760662530405
0.9585021908208753
0.05895266783145573
0.9744441939183276
0.9458724650640286
0.9351775482767778
0.8436236986688684
0.1616956676360715
0.9620336133129201
0.9541734492545326
0.2815724061785205
0.6963183143881493
0.8537416846608568
0.7188250766389374
0.2194330384511751
0.9897487090802224
0.8487773029500599
0.9841368049416259
0.20496316667950631
0.9182753155237238
0.09322782998079644
0.012380797628543105
0.9716055220528754
0.0732610718265736
0.8230578739399332
0.9744333438551166
0.0049466647850547295
0.016435654456654257
0.8626187857988968
0.42839684423615293
0.7111093496125083
0.05864491283243835
0.37884477886708373
0.09631181152069536
0.022597017175437557
0.03488767665581382
0.9447814340774175
0.9964953246653826
0.11283835412574855
0.0006443512123357536
0.61403825039329
0.8595541537207848
0.9536531951615694
0.052416265637800115
0.005393356604927474
0.9198279542400971
0.10617588384986387
0.07965254299761923
0.9617890183789153
0.958877532345681
0.9726647789916422
0.9753396231077467
0.13025559717501503
0.1900846433843999
0.4107100611982206
0.9427169136987538
0.8935844187877341
0.8890763747044069
0.16921917023018107
0.029292505502957155
0.9735131969021523
0.9656849063827904
0.004805932961979893
0.9684617969029141
0.881531805954229
0.8673042317287848
0.5920732209158445
0.9617371174162942
0.08550475207110224
0.9572766590063272
0.3045390120416269
0.945495903738098
0.9157831159061698
0.5952777770061987
0.18631703562902993
0.01715597357937953
0.8947238510684993
0.17603176042912053
0.9415031444328411
0.07093557166341852
0.3501236933449158
0.9522838361819441
0.1215000215749296
0.03170683208086014
0.6681381025723566
0.9700187162261085
0.9690969065018231
0.8337157954006403
0.04413358552089878
0.9269227770060788
0.9910904618961365
0.012557924172196245
0.6345926058598075
0.033766235121569434
0.7088313558426683
0.0990927715181687
0.951247832349259
0.9772089026628176
0.018942616390729736
0.006495508317483089
0.20488583886669545
0.8975410755227841
0.12433056316939235
0.9290548808714096
0.12553823056113655
0.7644385739453082
0.051659559565891675
0.06491276947263332
0.9779765046933452
0.011624888206334508
0.03278182617024217
0.011664703535153845
0.3332897340796862
0.2819495764169596
0.07079602140916616
0.7050194543916727
0.05792177361452619
0.8803181108198552
0.9044266403418654
0.9653782755904833
0.02679693249140182
0.9065231696255349
0.9749658541329002
0.8982366540639488
0.04346896830176556
0.9590509331984046
0.7831196233842145
0.8520711334009416
0.017547874829855162
0.9855085356495823
0.9925947764825599
0.019326364659383637
0.8574796286956909
0.028425018683695905
0.9749595728314855
0.9197605082084723
0.8736847333126406
0.09393868861291353
0.9135354163899199
0.04342104051202658
0.957916097000887
0.15917368056481182
0.8891461916408254
0.10904717500883085
0.9808527461157195
0.07265672290386893
0.35081968466155117
0.021971788814365758
0.21854471198215664
0.013909463986672059
0.9854657159520012
0.9562882449979868
0.8833284747910548
0.9500526084662071
0.005140088304865968
0.27813493926540217
0.9005629222405456
0.8541422442639578
0.8830097505265319
0.8041195983999322
0.9766621143512209
0.07214563308647742
0.013210914157501292
0.9337360420293068
0.09626800016235351
0.3093063721100662
0.11823962228228019
0.9629529190833299
0.7346876341849592
0.9389449274958682
0.8576193655499454
0.08564946754591675
0.9588689277118174
0.5822732817352332
0.979385538350085
0.0015013878932687587
0.8666905348640805
0.06755778439041911
0.014868542345725958
0.021561202893912345
0.8574966182648079
0.9918574262029225
0.9331775724350678
0.8707015636144357
0.018848086118810965
0.9076033330763513
0.007798265292514414
0.3182467827834544
0.961381632174939
0.025468386211934882
0.980128294099891
0.20709385575189795
0.9576558407072113
0.039754802208440944
0.9659574147618977
0.9692995220066756
0.004167826852018581
0.1588871227292189
0.8687101498296943
0.003824095785185575
0.9622290346872705
0.1582899220835572
0.9178236972919087
0.798438790156569
0.13311952862428594
0.9178819790065693
0.06686205231375959
0.06378842736356626
0.9732929850142711
0.9177717341471306
0.22568118425595396
0.5853246868622155
0.010117074044334429
0.017664479110041976
0.9455845961030632
0.00755229348010646
0.1521782609167589
0.04981502447423894
0.024734818972991537
0.949390807378481
0.10731928865835468
0.791209292345636
0.9777374304822418
0.5901246460976485
0.024908405814995985
0.01995178573255342
0.0031408190957970994
0.751710739517849
0.7884742840467492
0.3501149658257035
0.9751235145098096
0.9335463798161143
0.7920437617021229
0.9017181110312984
0.875123868616965
0.03279937057025944
0.9379885202385395
0.09815890143051634
0.9248089656054026
0.9685934915615017
0.26069411903428374
0.925760131640202
0.9670309311147427
0.31075689414868657
0.10120341152292231
0.3482296324261296
0.09943668582176735
0.9279385045268802
0.03463599222752001
0.878819002579308
0.8981853501432235
0.7084671256955768
0.11123957429855601
0.010677704878896476
0.6661924139915454
0.7877348698173006
0.00968013600337871
0.012889201791571395
0.06960170977682134
0.9199414458796569
0.9498552109386103
0.9682089946279795
0.8863045829200495
0.8921717089983958
0.00850961076361527
0.9092863453593407
0.031654637834271734
0.2848620591253949
0.147277694464801
0.9423591551721506
0.01627654671868219
0.9250621993171135
0.018664274031121753
0.011467355756814181
0.4978507136483914
0.8957159018186164
0.0021185291088101363
0.9678860409470228
0.6678702096988529
0.7601296749949136
0.9621680916471438
0.44628859161001344
0.9702087207417596
0.9740888110955658
0.04889646192184976
0.06119940526864835
0.009311405173432173
0.12654292576598491
0.1354419334103196
0.6891591177064881
0.6904216611200567
0.8170094497241587
0.9907263425394225
0.9747378950658032
0.012942757646899183
0.03726668924342033
0.628308458290847
0.960649782877093
0.023978041631032343
0.03961123974802643
0.9836504450103452
0.3401429329018222
0.0023612728690223213
0.2904106094195103
0.9046431620957478
0.01470229208221119
0.7967170029369256
0.004818834489619553
0.9703567516060516
0.9054719373967127
0.23115223938251905
0.24134626121220132
0.8117749053583465
0.0024824931492102584
0.10000374653713937
0.4233690079692238
0.04544403705146562
0.9477071750956031
0.993400775086712
0.5922795364931398
0.8207091935927345
0.9546727724447134
0.9229486670458298
0.9431029443595862
0.5034990957612228
0.08806164544753044
0.004308824006068122
0.5579202985691791
0.9486585383134808
0.8894600711893516
0.9249775085260328
0.00892174237524098
0.848425862329262
0.1659839228150281
0.8877013702667363
0.06942740993317749
0.023030802517899865
0.14883884599648148
0.9470597769773252
0.9343431523983815
0.8850473614350205
0.23455359856686883
0.977704173693183
0.9824045688644689
0.9577269069811568
0.15218296582931704
0.7989401422414073
0.060112106424506685
0.22459060890577884
0.9695323140532037
0.15801293490862917
0.8842707852111588
0.13032131478637524
0.01762751961679047
0.8166904222411495
0.8432544638868741
0.049070510911486495
0.018723211324532286
0.008655515612698875
0.9792451618692751
0.9584626055673744
0.12936048463758315
0.9179117026477106
0.9183740128362538
0.9278126902158442
0.22852919697189417
0.9243919309734903
0.14343901542707976
0.04423372175336724
0.5585611335997483
0.8353859071403613
0.4002560377328584
0.11810575200114559
0.8494991202716999
0.8171675309787549
0.04433632123291656
0.02818173244132186
0.2358686864214181
0.9648510157131086
0.00520867728220701
0.8450626728158159
0.9644549391526402
0.8733854849290571
0.9845469125896151
0.11169944965053191
0.9025912248650324
0.8879522726072865
0.3597459114634852
0.004037150474858023
0.40734479032093274
0.49395130402738135
0.5279848578116677
0.020483483577440367
0.8445610329461434
0.07424267810861043
0.036865807255029366
0.5069713623787818
0.9507713674876952
0.49140930963838236
0.01886270818638196
0.019099584687400303
0.0026241275233331155
0.9416484879769712
0.9162542051164232
0.9467165574940186
0.01260313613201949
0.8935730764524927
0.04161589725650909
0.9809568582864862
0.9654412778125397
0.019031538449625473
0.3179007821852417
0.5998744377223318
0.050471924563769636
0.08326342445245298
0.9203820289621986
0.0006939035611641249
0.8572803557875622
0.9573908051748442
0.9837070520053884
0.9718428582060153
0.9366091572315911
0.08718025478376575
0.0050424739152759804
0.006363615460511417
0.9728269696826166
0.9576030059329214
0.9538324042158328
0.9457540191563399
0.029227478558871287
0.19201899515964027
0.05843627115932122
0.403603467805846
0.9208460704716346
0.02456979470889303
0.722290742527142
0.25159161901543603
0.8718332074306072
0.3538739956690261
0.012205185218598497
0.956721399004451
0.04015046330848017
0.05520663116980443
0.9274746240030718
0.5141691999090341
0.09893254898681178
0.8482981331135756
0.9506974848567344
0.9199284712341119
0.025999046024849783
0.95014492965325
0.020168704177301613
0.8409651001258058
0.03658484368420987
0.02683254838927323
0.9446027406474735
0.9353169764280879
0.9221501113682292
0.939613613456004
0.13796958648540772
0.13818543973223368
0.8590576456995848
0.9052989758964668
0.9266234655116511
0.40580697892362544
0.04520488984833209
0.9567435495250185
0.8323664957096538
0.330349537905211
0.8063060702354056
0.970575380723689
0.04758816010444372
0.00820117248273202
0.7968088309735629
0.8507462846735538
0.09590147666245646
0.07392455894424763
0.9667207139590122
0.7990913226687585
0.8551765264650605
0.8557622261508318
0.16742752710649847
0.8478555326198467
0.9614163705888393
0.049011551277894264
0.003704959421841451
0.62965499669026
0.026388146867739045
0.11199672557312484
0.6385350653627089
0.4022761545657248
0.8952444340604944
0.26919766086202485
0.9773641458378242
0.9093532354609387
0.09239295951044657
0.06232762302130905
0.04352345761192035
0.24109387492957138
0.08731141374267393
0.0334906647967195
0.08512290598249182
0.448541537359266
0.005004710553309622
0.7557726681659849
0.9501865008612382
0.8042053352833823
0.01601311418413233
0.28722288055050565
0.9323629160396298
0.8231662196286239
0.9549236116015437
0.30438521255028705
0.022939130199105692
0.9532494642829767
0.20643413027857507
0.4893980964070786
0.8258434048183312
0.3334838000033261
0.819778616530661
0.07416730833390212
0.8115397783657785
0.19999897135427183
0.9365359409318121
0.013623447353156364
0.07985929052717451
0.18216442087334012
0.02342788198711679
0.9102905500923442
0.9794988437870411
0.9061535228554629
0.7538805378460252
0.8868267235715298
0.07306964290701544
0.03101450998646093
0.029241105270656823
0.8707214584557811
0.09344869854524883
0.951067016764376
0.8956451230214458
0.06279988879509368
0.9894654568228423
0.8614584807902398
0.8940736392255227
0.8987646717970618
0.014131548316793386
0.088276770715653
0.886886202961699
0.17624902851281962
0.09964266804924085
0.13475135123799897
0.09509022547407692
0.9144449787369888
0.9772888397377167
0.1302551833319697
0.9497326833786487
0.96260878388508
0.1544841252542121
0.9375523446679432
0.7173876974403592
0.8184915960591677
0.02908670055974987
0.016811941598553422
0.011217713736060264
0.059426329708674154
0.45813379596013853
0.7229142629149733
0.005689351017766907
0.09192886361014509
0.0064138771869705
0.9644256200282109
0.9152935467862282
0.941035230597067
0.20906613626749676
0.171417163235358
0.11483695980131749
0.1402685181620272
0.7519388254514789
0.02700003102079853
0.7683448013966191
0.883803618431982
0.1606693118855996
0.3203846091766688
0.8857357104796849
0.10186360319126665
0.873209027574173
0.04545614450794352
0.014979982905826373
0.06508784511067052
0.40739898807735153
0.9346437717081943
0.9057848758444884
0.5055555014744338
0.8879654591363026
0.9714530064076178
0.008118154129718879
0.8857692483565106
0.14043365586663084
0.006183173930862851
0.21976046200874594
0.053806963847334646
0.6204638397465702
0.08755057017438692
0.2581548271820125
0.11977841779256779
0.3496506194481285
0.9531889516261337
0.7996312663330704
0.9723934020355849
0.01041790708460683
0.05500213746318954
0.0702962455026685
0.007806866765550539
0.9318552633750965
0.9250302051048491
0.09609006069589802
0.9773548459179537
0.9893795532449251
0.15080378809981482
0.9405018555600326
0.9662024548061346
0.9526785730308905
0.24115827533926254
0.9663502474708003
0.1388292463900838
0.42126981899659205
0.5299691900104905
0.010975272247840416
0.09692125162786956
0.8515972119221253
0.12944135843993584
0.9623779617760948
0.010822680905972345
0.20004772512332475
0.01376926897510489
0.8279909056541168
0.007730777948483676
0.02151628097955177
0.05133642835023594
0.04162600778783854
0.047718093652094326
0.9558558070394645
0.977487306959826
0.9561626515810883
0.9408675689267383
0.18436211460273896
0.022353536315403526
0.014642104565243836
0.9454961839392624
0.04850302869116529
0.040024175602908885
0.9813868345351459
0.08412419218133264
0.24431148418349422
0.9843315580165206
0.9897612330604266
0.07405460240253912
0.008769408146924965
0.3349754070578718
0.9253493292599451
0.1538961401069612
0.9739987873917313
0.12128950813436111
0.9552150411599832
0.04220358844756817
0.9503969252730854
0.8670301000028472
0.019033445011595734
0.9343525365683204
0.2599026204448689
0.9485099672364168
0.9808350259736152
0.8999308026305518
0.04588596451196313
0.9417863113041594
0.83907392900494
0.020164005427422842
0.03208147268718436
0.1618259586653888
0.0811524463948729
0.8928430232362365
0.09229094042675623
0.8842337511278422
0.05030584355506406
0.07059219359789463
0.9590067054710888
0.16109341117266854
0.11372093105522293
0.640749361659058
0.8606716828047005
0.013074795300600076
0.1899287733464004
0.824416562918876
0.9763666993518173
0.2636078490837115
0.0828218112374021
0.9405857442751032
0.13673022413524052
0.08666503659506697
0.0081834401779835
0.12009951649110984
0.9791502839134756
0.9298956508155898
0.9863444454784958
0.9433385127504149
0.9315985014349373
0.9536212525250016
0.8473406218711568
0.034199320893761695
0.3997801097740677
0.9472578711200795
0.169860784891309
0.9647829381534748
0.8660855759951268
0.9461517918790644
0.7573606374621855
0.05126640715955323
0.24693869924178144
0.0982767339719899
0.9497954308921092
0.9073451779307284
0.8512918617138641
0.0875885884124694
0.011554565907197648
0.044300503951647766
0.16857918076099482
0.9933936810261341
0.09192359459531885
0.9335321156635926
0.0012182167741989689
0.9379169899582998
0.025526783888568317
0.1392231927938058
0.7689799796132373
0.10168089358155295
0.9771741457984187
0.05269461376474378
0.9695767095988564
0.9684415429181479
0.0886300323947202
0.9536159918321003
0.7042224522529258
0.5336232628553288
0.3029539886380369
0.8421343369388786
0.013692582096158482
0.9442701524522524
0.9404693761545646
0.14743602253083313
0.9288622928302486
0.05390784273585525
0.5042383350746948
0.009964429962116838
0.08043944606023044
0.7201038967908258
0.987481495124164
0.010059367255190698
0.9391254356558704
0.009219263109051981
0.9572114202241551
0.9457268513303481
0.08234865814045482
0.003713545209640169
0.3836265713715297
0.5589780551415596
0.06545823058381403
0.03472163006234643
0.8764898270532822
0.023832003699408178
0.0675071103350753
0.07642585695151467
0.004750304627895628
0.04120537749321243
0.06903014632430565
0.9203683861453039
0.012891177656559638
0.9813592575485439
0.09126830612515502
0.7739217222705984
0.8059962109235989
0.04919417106180555
0.9124701399528116
0.5257842811925504
0.9714119640543795
0.025302639466968285
0.4765819854174602
0.005248653094144866
0.8049244353995939
0.9878673668852088
0.7813192305798407
0.0933290973626674
0.19107744199390103
0.3719211490537733
0.9531756392171506
0.23633259720696448
0.968703277360919
0.8732217543380467
0.8470710378199815
0.09864452881010624
0.018722419991250554
0.01642586582630604
0.9370577700691894
0.5642704889573154
0.7783488836352233
0.9733569094137903
0.9187866899253773
0.04321478769330737
0.02614147519513062
0.9686935188705731
0.02148998562096948
0.48171777345050015
0.958363011670691
0.026382938535930954
0.9793549710691041
0.11897318425788278
0.5915232417956598
0.9957366523904619
0.900066708818295
0.08632828083320442
0.01668050089412278
0.007628475140522972
0.8610257734019265
0.8055043677522739
0.0648683790950413
0.11453463873751062
0.837195692187452
0.6735172980127624
0.941237434269315
0.03616058612347099
0.035783665934229235
0.8664505810177401
0.005790080619192098
0.033446092885679825
0.0036969352743226073
0.7110772772177426
0.03317720493891358
0.986371607771359
0.006139047143655089
0.053803237877134806
0.8332134509376162
0.9385198778883965
0.8887422455659456
0.08331795428952607
0.9781058416269093
0.14122055481285914
0.25785811257717045
0.09656537408336727
0.852087329641787
0.8446741651127385
0.010496247122959717
0.9073449250189397
0.89304422537841
0.8533780227935246
0.04004916673220658
0.2078819850851797
0.9764516031630744
0.03446731835295719
0.8480117857623005
0.06446525543376042
0.03340968255685811
0.9761524428189776
0.7506527522694604
0.002192616794968539
0.17740693507186378
0.15344016255568063
0.790216638231057
0.9446567621388934
0.7952754996480083
0.05315393478748018
0.9022561388830718
0.7601614552256717
0.9796867591430352
0.040190246235036704
0.7089075441067787
0.9407505832109988
0.6942104066532306
0.3317931778367508
0.6413352773705377
0.9066853335592132
0.36629504227569226
0.7078889903592936
0.01906063730573755
0.07014167748238315
0.02225282338884895
0.04007602181799263
0.34420482933866936
0.9285236678658106
0.7088270766610424
0.001963073428232683
0.25885499355836117
0.9097444655779762
0.6578088663439101
0.9381524600222336
0.9275654208906642
0.7079791069522461
0.9209706714352311
0.039744453852186855
0.02724377353187876
0.03943314338601467
0.009231678219287321
0.9601213745663557
0.9229849297626231
0.9610586825212359
0.8500734467553624
0.8002299707325915
0.007936996803640446
0.9601865687580972
0.7260070705162853
0.7949764904600473
0.09618063133085657
0.05806224119587004
0.06814950672268028
0.0634600675307824
0.09525382452287585
0.0794956576281888
0.32373129518125027
0.9821874137027465
0.22786228314219728
0.9399669884907023
0.7875247923275773
0.9061812511807631
0.1515939931040713
0.0182101575294908
0.49952483250841395
0.12173438991523657
0.9842195659936687
0.0059005692435945565
0.9799723162875351
0.23069844639135514
0.8900730746861818
0.11263432854052727
0.9632744108861899
0.7999607320745432
0.831542397630029
0.5514027374904498
0.03176455986610961
0.9192837120442372
0.8238197590201672
0.08168818700549031
0.8491899360095623
0.9869664076676558
0.9391187821015896
0.08565462377016006
0.9754929584706089
0.0009300923440951293
0.9236107531653184
0.909845909853656
0.03099687698122906
0.8702536694910081
0.9847670211764864
0.991833738856821
0.032244142656542206
0.32562763323396693
0.9368574864090424
0.11300394511244151
0.9672497816270982
0.03769960293459979
0.027745417870344583
0.07865230825464459
0.77345941415206
0.901783902676163
0.9574654640011808
0.8564789260710958
0.8700242882795326
0.13466812380712329
0.7580797840225669
0.17662427579709367
0.1071383240281215
0.9044835735121917
0.8595401297866173
0.967044228397063
0.23260915553422332
0.024681731024033753
0.9490377775976692
0.019309669762630967
0.9748812353008345
0.2240623140702046
0.08247366312973868
0.9199363736019742
0.8887711888586882
0.054540651660150784
0.02876343974105512
