"PAUPAC"
66
74
106
127
139
189
214
246
288
291
338
348
455
467
511
518
554
557
568
576
579
629
657
673
681
719
729
732
756
796
818
851
904
906
948
1020
1026
1030
1032
1049
1067
1071
1094
1128
1212
1225
1228
1236
1271
1277
1358
1371
1375
1388
1424
1462
1504
1522
1532
1556
1567
1588
1592
1599
1600
1606
1656
1776
1794
1813
1861
1891
1923
1935
1951
1995
2001
2007
2016
2056
2079
2099
2222
2244
2270
2301
2314
2333
2343
2353
2427
2448
2479
2488
2498
2509
2554
2615
2617
2676
2680
2714
2731
2740
2742
2812
2830
2837
2843
2912
2971
2996
3002
3019
3034
3061
3062
3065
3077
3084
3122
3146
3171
3197
3248
3251
3269
3304
3315
3320
3327
3347
3360
3439
3463
3468
3518
3543
3594
3605
3642
3656
3663
3670
3707
3721
3746
3755
3814
3827
3837
3845
3851
3956
3965
3975
4023
4026
4058
4094
4109
4114
4158
4164
4183
4187
4228
4267
4271
4279
4290
4353
4369
4379
4386
4403
4409
4424
4445
4466
4507
4510
4553
4575
4616
4652
4690
4779
4835
4844
4856
4869
4876
4904
4916
4925
4963
4991
